[[ 1.0271715   0.50363072  1.45431829 -2.63109833  1.26419546  1.921191
   0.74081838  1.16025943  3.14333813 -0.25942027 -7.76660849 -2.96495405
   2.04283117  4.05389391 -2.60386493  0.17532757  0.08770701  0.81586577
   1.74239767  3.08547575 -1.25588852 -1.11780629 -0.46746994 -2.48126723
   4.98784196  1.73120385 -1.92061659  0.90507689 -2.09361294  0.95722049
  -1.11942749 -0.57090209]
 [-5.73656298  0.1471716  -1.10265107  2.63125222  1.21089872  0.50651337
   0.91456637 -2.22661607 -1.34220244 -3.35403591  0.33172701  0.66787113
  -0.93940855  4.07425116  0.22643184  0.11583687 -3.82047653 -0.25141412
   0.77417478  2.43774991 -3.66690141  1.76358988  3.04474469  1.26508567
   0.73882633 -0.37020772  3.34261214  1.90515639 -1.39210256  2.62259674
  -0.83143777 -2.51496875]
 [ 0.17014374 -3.43448028  0.70161049 -2.71516891  1.91034507  0.21515645
  -3.0153714  -0.35541926  3.33960424  0.51543657 -0.0771959   2.09062684
   0.03794418 -4.93524665 -1.6093069  -2.22102265  0.01983022 -1.5066097
  -4.347778    1.12635297 -2.61175835 -1.76974188  2.07993186  0.78746268
   1.96583599  2.69611602  1.14285787  2.62101812 -1.35981834  4.5954832
   4.01785938 -0.49593571]
 [-3.91866554 -0.92159072 -4.0257631  -3.71692514 -4.26249253  0.24757631
  -1.4797519  -0.8884669   0.43472769  3.46887718 -9.26682969  1.12875775
   0.61075759 -1.9357826   0.32299562 -1.84990139 -3.57714244 -3.09291192
  -0.97101272 -2.94971206  0.40906914 -2.36999486 -0.70908972  1.20215628
   1.26463066  7.10044882 -0.37734271 -1.10397984  6.58976369  1.15502869
   1.73410158  1.5827304 ]
 [ 0.77865295 -0.53341653 -0.38375794 -4.12431661  1.37758692 -1.54177143
   1.00503045 -4.21300959 -1.02904658 -4.22285172  1.4192095   1.79055153
  -1.44818351 -1.55391066  1.65558404  0.76181475 -0.36247145  2.10514973
   2.29755791  0.32825701 -3.73855154  0.33861086 -0.53216563  2.64289605
  -1.83675671  0.97107619 -1.61850139 -0.2074855   3.89002736  0.33266669
   3.6866038   4.20948942]
 [ 0.70431265  1.08335674 -0.30698805  0.07951103 -0.14814432 -1.66215205
   0.6386043  -1.94695769 -5.5395569   3.89686059 -1.22851627 -0.21703939
  -0.4621273   0.2939976  -1.79735907  1.04402184  3.03295222  1.30035808
   0.45484282 -2.4770637  -4.86056142  2.00399144 -0.10833963 -1.68084354
  -0.65178338  4.56286601 -0.99088425 -0.17782701 -0.26232471 -3.70185074
  -1.07869997 -2.35590471]
 [ 0.98565424  0.80967882  3.58357094  0.40096467  1.22876579 -1.86269186
   0.35721677  2.97736867  0.30300986  2.2190976  -4.68101888 -2.25407922
  -0.9720923   1.77610891  3.29810536 -5.23061385 -5.1064798   1.06033636
   1.29340268 -3.85295549 -1.62825531 -1.78800279  8.70552585 -1.28869214
   5.89105306  2.49761888  3.14911532 -1.05084641  1.62536741  1.19228615
  -2.24427962 -0.79664097]
 [ 0.18201981  0.68404323 -4.9887207  -1.20786737  3.11472857  2.04351203
  -1.76031805  1.20027428 -0.49197555 -0.25020041 -2.3548377  -1.41033032
  -2.338183   -2.16090165  1.43295623 -0.13740143 -4.14479589 -0.40777569
   1.98031568 -2.08563479 -1.75407149 -0.76806098 -0.70327147 -0.72612717
   0.68242859 -3.58427419  0.59232432 -0.3014776  -2.55091224 -0.15623907
  -1.31301184 -0.80731177]
 [-2.21977289 -0.58270999  2.38126889 -2.40907383  2.20101125 -0.65091261
   0.93191411 -4.46985773  3.26680448 -1.17961045  1.19102281 -0.10433422
  -0.62203014  2.54706739  0.56002923  0.97839173  0.62273486 -4.42952051
  -2.89110731 -6.55834359  0.58154996 -1.28304294 -1.74985299 -0.94378439
   0.88824539  0.06822276 -5.2204642   1.95070792 -1.60461579  1.15697388
   0.46248065  1.45226863]
 [-3.1478948  -1.24158925  0.70694158  3.48711752  1.68022858 -0.87879702
  -0.79600788 -3.37373252  0.18904476 -6.84053067  0.27755433  0.92629957
   1.29120059 -1.3919828   3.24963595 -2.45625198  1.10615734 -2.356409
   0.30025433  3.82086862 -5.1467243  -1.44086233  4.26167272  3.20440823
   4.57227621 -1.02897658  2.30531294 -1.66340379 -0.56653332  0.49944844
   1.54423174  1.76860264]
 [ 1.71359472 -3.32125164 -1.32944999  1.18272814 -0.58521959 -2.71537593
   2.12863974  1.21935707  0.3125722  -1.54240279  1.9348034  -1.75974851
  -2.80472143  0.27989395  2.15891797 -2.23388524 -0.24015299 -8.42669302
   2.10409899 -0.71702037 -0.44969167 -0.89288622 -1.31932259  0.88328174
  -0.72953671  1.61281138  0.75648101 -3.26235277 -0.24048226  0.59195703
   0.20100715 -3.7954438 ]
 [ 3.61080336 -1.26264992  0.69005506  1.32797056  4.43827096 -0.81611419
   0.77478885  2.73648599  0.50919987  4.34566496 -0.55428112  0.99742547
  -4.00734075 -2.09308396 -0.2340292  -0.72452482 -0.04795507 -2.88673222
  -1.16942519 -1.68712113  1.97404073  0.27312949  1.96599398 -3.009296
   3.37514745  2.24536202  1.08036602 -2.58180336 -0.73870438 -1.14284198
   0.29056144  1.63312068]
 [ 0.55379927  0.51080813  0.97407476  4.33078078  4.92723634  1.40085052
   2.94988874 -0.05384942  1.12550145  0.84426082  0.55784061 -1.69130205
  -4.58330423 -1.18744102  1.9660218   1.71076242  2.13415789 -1.6283871
  -0.14040426 -0.17691523  2.46986229 -2.80671784  0.2199986   0.21658872
   1.50574415 -3.27786911 -0.46443189  0.54314833 -4.2255212   3.86047398
  -1.02007921 -0.20312591]
 [-0.8185087   0.68148031  1.02662287 -2.67554201  0.02147744 -3.83191483
   5.09688858  3.17907091  1.27173069 -0.85856958 -1.50794771 -2.76616929
   2.32989759  0.97273372  2.17236447 -3.14243738 -1.08039829  0.86953766
   3.11044418 -4.93816147  0.23039034 -0.79872022  0.58583968  1.46992862
  -0.35559586 -0.21415633 -1.62583465  0.6306849  -4.99354378  0.48241435
   2.02368897 -2.16248802]
 [ 4.33001107  1.80249446 -0.39480539  0.64785867  2.26731778  0.12908708
   2.67199097  0.04498037 -2.44706634  0.04428468  0.02609913 -0.60945572
   1.04265944 -0.19897495  4.57079013  0.23031193  1.1102753   0.81641513
   2.45166132  2.61228125 -0.22916441  1.57906848  0.37132291  0.69227884
   0.23217367 -2.33103947 -2.5298018   2.12930778 -0.66807682  1.25633605
   6.25963374 -0.70360364]
 [ 3.69222773  0.58158606 -3.96181231 -2.37711289 -3.12072758 -2.07412349
   2.48295345  2.23853461 -0.60305564 -8.30838542  0.33559934 -2.81930373
  -0.81076012  0.04097607  3.0160127  -1.94061041  2.7816825   1.15309853
  -2.12063598 -1.60482412 -1.80195623  0.25664247  2.87742474  1.20576231
   0.21378926 -0.98381423 -0.02630618  1.05411218 -2.73064276  2.70151522
  -2.51307632 -2.30683763]]
[[ 5.01684102e+00  1.34146286e+00  1.14583216e+00  1.89058859e+00
  -1.22239011e+00  1.08604886e+00 -4.44731194e+00 -2.79089689e+00
   1.71053014e+00  3.39358722e-01  2.33557723e-02  1.69867206e+00
   1.81644358e+00 -9.29532941e-01 -2.55275942e-01  6.07619355e+00]
 [ 4.94701363e+00  3.75292699e-01  3.77364738e+00  1.16518541e+00
  -2.35797995e+00  3.03404485e+00 -6.26017980e-01  1.67709638e+00
   7.90793377e-01 -1.27935463e+00 -1.51271202e+00 -4.37389086e+00
   3.83740499e+00 -2.40379525e+00 -4.62940237e-01  1.92952278e+00]
 [-1.96319390e+00 -1.75920054e+00 -3.07049278e+00 -3.99436171e-01
   5.86068206e-01 -3.91493862e-01 -3.11095968e-01  2.40885486e+00
   2.46610010e+00  1.21335820e+00 -1.74083790e+00  1.42629459e+00
  -6.00096216e-01  7.02973153e-02 -1.12065570e+00  2.10596104e+00]
 [ 1.18430702e+00  3.24885072e-01 -2.23364593e+00 -2.96606932e-01
  -2.60311663e+00 -1.13477679e+00 -1.50031218e+00 -6.92952198e-01
   2.64959379e-01 -2.83092334e+00 -2.89296497e+00 -3.14770807e-01
  -1.70312416e-01  7.86006302e-01  2.81580605e+00  1.93973012e+00]
 [ 4.93258518e-01 -1.61285387e+00  2.01645386e+00  2.31363059e+00
  -1.94159047e+00  1.08280026e+00  9.03656190e-01  6.14888659e+00
   1.67415269e+00 -1.45417440e+00 -2.56779311e+00 -5.67897228e-01
   5.08571465e-01 -3.05559488e+00 -1.18393437e+00  1.35153228e+00]
 [-8.17249923e-01  2.88407523e-01 -2.91416656e+00 -2.24533478e-01
   1.81474413e-01 -2.06959408e+00  9.11058637e-01 -1.20526655e+00
  -2.44998541e+00  1.24369433e+00  2.40553809e+00  3.10146158e+00
  -3.79378909e+00 -1.54522184e+00  9.78786214e-01  2.67738974e+00]
 [ 2.35333305e+00 -4.34070347e+00  1.50002174e+00  2.71631930e+00
  -1.05692575e+00 -2.89234544e+00  8.94351151e-01  1.06388178e+00
  -1.47707424e+00 -2.55739942e-01 -1.82827316e-01 -3.57526303e+00
  -6.34506934e-01  3.48599380e+00  1.20507643e+00  1.24611379e-01]
 [ 3.40341264e-01  4.72462260e+00 -1.40257663e+00 -5.79892082e-01
   2.33112519e+00 -2.26386272e+00 -1.60140118e-01 -1.12462721e+00
   1.35096994e-01 -2.71491103e+00  5.03149709e-01  3.76019212e-01
   1.23196524e+00  1.33309869e+00  1.96149803e+00  4.12595961e+00]
 [ 2.79471096e-01  2.25203990e+00 -3.23868094e+00 -1.42963566e-01
   3.31040853e-01 -9.41281832e-01  1.38989509e+00 -1.86025692e+00
   5.12882217e+00 -3.73761651e+00 -2.81249389e+00  6.15055687e-01
  -1.63909839e+00  3.49605305e-01  3.78612961e+00 -2.00047494e+00]
 [-3.01028944e+00  4.08541581e+00 -3.09926866e+00 -1.05622638e-01
   4.46485352e+00  9.09651758e-01 -2.15744765e+00 -3.04344857e-01
  -2.72372991e+00  6.33157391e+00 -3.56099103e+00  6.03771212e-01
   6.71636562e-01 -1.05447754e+00  4.83746658e+00  3.32768090e-01]
 [ 3.25274652e+00  3.82253047e+00  1.01366092e+00  4.75681724e+00
  -1.66242820e+00 -4.16726714e-01 -5.95933226e-01 -2.37471385e+00
   1.02224417e+00 -1.17189919e+00  1.81780257e+00 -4.38119500e+00
  -1.52441437e-01  7.04927546e-01  3.56225474e+00 -4.20258136e-01]
 [ 7.62322933e-01  2.75600269e+00  5.19787102e-01 -5.32246153e-01
  -3.08854023e-01 -7.20595255e-01 -5.47821362e-02 -3.11884629e+00
   1.58273101e+00 -2.14067117e+00  1.97252447e-01  1.68796007e+00
  -2.11096923e-02 -1.75466675e+00  1.96147847e+00  4.51723123e-01]
 [-1.04884715e+00 -2.77670415e+00 -1.04830291e+00  2.47607164e+00
  -2.19134340e+00 -3.40083799e+00  8.08968647e-01  3.91763605e+00
  -4.56030728e+00 -2.80922249e+00  2.55168448e+00 -7.29475995e-01
  -2.28197741e+00  4.46041155e-01  3.78505852e+00  4.43424879e+00]
 [ 1.25627396e+00 -7.40216710e-01 -4.46146468e-02 -1.36770885e+00
  -9.16973927e-01  4.96775192e-01 -3.18868657e+00  2.64513880e-01
   5.73604879e-01 -7.49866622e-01  2.96082412e+00  7.08215934e-01
  -5.77829209e-04  1.68109613e+00  2.84934921e+00  6.09273695e-01]
 [-3.62012315e+00  2.97662439e+00 -1.49071349e+00  1.11663246e+00
  -7.15937902e-03 -5.93074688e-01 -1.16279270e+00 -1.78816742e-01
   1.65424807e+00  4.23450328e+00 -5.44449446e-01  4.87736110e+00
  -8.96156566e-02 -3.43365286e-01 -3.16732634e+00 -1.55273274e+00]
 [ 1.55940615e+00  1.76304314e+00 -1.79990401e-01  7.86151149e-02
   3.74535572e-02  2.46926069e+00  1.38286890e+00  6.63819876e-01
   4.25976825e-01 -7.65272898e-01  1.20853087e+00  3.15817701e-01
   2.21297314e+00  1.47612095e+00  2.04911313e+00  7.90109571e-01]
 [ 3.93296478e+00  1.58376262e+00  2.85157641e+00  3.69044609e-01
   9.48115615e+00  3.18902987e-01 -7.05501057e-01 -1.51696166e+00
   3.98740821e-01  5.82383774e-01 -2.26811907e+00 -9.79297702e-01
   5.57487402e+00 -1.05918848e+00 -6.52524560e-01  3.98589466e-01]
 [-3.38679905e-01  1.35286976e+00 -2.79737125e+00  2.00612836e-01
   2.96514535e+00  3.02579613e+00 -1.20621821e+00 -1.02067322e+00
  -7.78096381e-01  4.08178637e-01 -3.50394302e+00  5.21704136e-01
  -4.91773954e+00 -5.07677472e-01  2.56480438e+00 -3.24754334e+00]
 [ 1.89539947e+00  1.25756083e+00 -1.42578175e+00 -2.32675947e+00
  -1.51808357e+00 -1.37718042e+00  2.29335727e+00 -2.12533577e+00
  -2.69600406e+00 -2.33473103e-01  3.55364943e-02 -1.58792664e+00
  -7.74809693e-01 -2.59566561e+00  1.05471158e-01 -1.20227419e+00]
 [ 1.04837162e+00  3.50247127e+00 -2.41596638e+00  1.79880017e-01
   1.27671020e-01 -4.61430904e+00  7.71434998e-01 -4.65957307e-02
   3.92076738e+00  5.57019200e+00  4.34497168e+00  3.79838069e+00
  -4.80126381e+00  2.72882683e+00  4.60456677e-01 -1.14429058e+00]
 [ 2.39132338e+00  2.38076140e+00 -2.60264014e-02 -5.88905594e-01
  -2.87997855e+00 -1.33909045e+00 -1.76981019e-01 -2.35217896e+00
   6.18426807e-01  4.98040769e-01 -1.39881616e+00 -2.42459365e+00
   6.56505259e-02 -2.65301421e-01  1.21132666e+00  4.38593756e+00]
 [ 6.41098398e-01  1.96398248e+00  1.58662792e+00 -1.37526795e+00
  -6.82654366e+00  9.46609429e-02 -1.89727460e+00  1.85410450e+00
   6.50939566e+00 -9.13599568e-01  2.44606312e+00 -1.42984626e-01
   1.79244404e+00 -1.69178352e+00 -6.91834610e-01  3.32412770e-01]
 [ 1.91794784e+00 -1.40453149e-01 -4.94369278e+00 -2.64956630e-01
  -2.51940329e+00  3.51718352e-01  7.98309961e-01 -2.75050270e+00
  -1.55963720e+00  7.91583740e-01 -2.08835037e+00 -3.10799838e+00
  -3.66111303e+00 -1.73439961e-01 -1.29508136e+00 -1.72770875e+00]
 [ 7.48089893e-01 -8.27040151e-01 -7.07711143e+00 -4.56117031e+00
  -2.30467568e+00 -2.66624298e+00 -7.08856392e-01 -5.44978711e-01
   4.11352215e+00 -5.22262021e-01  2.66942608e+00 -2.47951385e+00
   1.70543627e+00 -5.60957850e-01  1.08817286e+00  3.42241216e-01]
 [-5.64337428e+00  1.13168871e+00 -2.24409175e-01  2.41137712e+00
  -3.40271289e-01  8.52077285e-01 -3.85618613e+00  7.57449437e-02
   1.44249695e+00  3.75285206e+00  2.24785958e+00 -1.35372680e+00
   2.13559140e-01 -3.15349258e+00 -3.58210585e-01  2.27215055e+00]
 [-5.63802839e-01 -1.24803252e+00  3.22183884e+00 -4.61542083e-02
  -2.56938924e+00 -1.43462891e+00  2.36236160e+00 -3.82012999e+00
  -1.43087189e+00  6.00487686e+00  4.31865312e-01  1.17930124e+00
   3.07925160e+00  6.95182184e-01 -3.83520754e-02  1.17422319e+00]
 [-4.74962707e-01  2.49619066e+00  1.47516679e+00 -2.56843609e-01
  -3.02961140e+00 -7.88033682e-01  4.17539937e-01  1.54979602e+00
   6.74816484e+00 -1.93713440e-02 -1.65330476e+00  3.12383683e+00
  -2.88403958e-01  2.83307245e+00  2.22370960e-01  3.32865004e+00]
 [ 2.00164183e+00  9.48319957e-01  3.54357552e+00 -1.42579347e+00
  -4.74317165e+00  1.43328500e+00 -2.15000030e-01 -3.34895018e-01
  -2.42358209e+00 -4.13512036e+00  9.63034654e-01  4.95161562e+00
  -1.73594575e+00  2.06836143e+00 -1.62026427e+00 -4.30097568e+00]
 [-1.21000287e-01  2.29232842e-01  2.75274966e+00 -4.69953098e-01
  -1.22556974e+00 -2.31465599e+00 -7.10444744e-01 -3.92990740e+00
   2.77132736e+00  3.91236243e-01  1.13130503e+01  9.81942154e-01
  -1.23989562e+00 -5.81701953e-01 -1.40951360e-01  9.12696785e+00]
 [ 1.38312864e+00  6.33540367e-01  6.79190934e-01  4.48232701e+00
  -7.96106603e-03  1.29600450e+00  1.56630756e+00  7.23269235e-02
  -4.73623811e-01 -1.37362308e+00 -7.51754470e-01 -1.06897624e+00
   2.92961692e+00 -1.55138040e+00  4.17339844e+00 -1.28835060e+00]
 [ 5.80132561e+00 -7.86664214e-01  4.21401274e-01  4.53142927e+00
  -2.52853338e+00  4.19943131e-01  4.47062287e+00  1.26268800e+00
   1.45763259e+00 -2.85055834e-01  2.27311668e+00 -6.12670749e-01
  -1.84695843e+00 -5.81453118e-01 -3.43137366e-01  1.32770823e-02]
 [ 1.06991986e-01  5.16498950e+00 -2.74272393e+00  1.35495972e+00
  -1.39476723e+00 -7.81556948e-01 -2.05897998e-01  1.92363096e-01
   3.51636866e+00 -9.77105155e-01  6.98353695e-01  2.12716347e+00
   9.99867600e-01  8.79632085e-02 -4.21014333e+00  7.14110624e-01]]
[[-2.88991579]
 [-2.42728128]
 [ 0.16578517]
 [ 2.6591262 ]
 [-0.03350096]
 [-0.50886358]
 [ 1.41059306]
 [ 0.3658364 ]
 [-0.40640036]
 [-0.25608975]
 [-2.74756412]
 [ 1.07711303]
 [ 1.15113408]
 [ 0.91381037]
 [-4.22747676]
 [-0.45383005]]
